epoch,value
1452986329.448,3965452288.000000
1452986339.432,3965452288.000000
1452986349.431,3965452288.000000
1452986359.433,3965452288.000000
1452986369.430,3965452288.000000
1452986379.435,3965452288.000000
1452986389.432,3965452288.000000
1452986399.431,3965452288.000000
1452986409.431,3965452288.000000
1452986419.432,3965452288.000000
1452986429.432,3965452288.000000
1452986439.432,3965452288.000000
1452986449.432,3965452288.000000
1452986459.431,3965452288.000000
1452986469.432,3965452288.000000
1452986479.430,3965452288.000000
1452986489.432,3965452288.000000
1452986499.431,3965452288.000000
1452986509.430,3965452288.000000
1452986519.432,3965452288.000000
1452986529.431,3965452288.000000
1452986539.431,3965452288.000000
1452986549.431,3965452288.000000
1452986559.431,3965452288.000000
1452986569.431,3965452288.000000
1452986579.430,3965452288.000000
1452986589.431,3965452288.000000
1452986599.430,3965452288.000000
1452986609.431,3965452288.000000
1452986619.433,3965452288.000000
1452986629.431,3965452288.000000
1452986639.439,3965452288.000000
1452986649.434,3965452288.000000
1452986659.432,3965452288.000000
1452986669.431,3965452288.000000
1452986679.432,3965452288.000000
1452986689.434,3965452288.000000
1452986699.430,3965452288.000000
1452986709.431,3965452288.000000
1452986719.433,3965452288.000000
1452986729.430,3965452288.000000
1452986739.430,3965452288.000000
1452986749.432,3965452288.000000
1452986759.431,3965452288.000000
1452986769.430,3965452288.000000
1452986779.432,3965452288.000000
1452986789.431,3965452288.000000
1452986799.432,3965452288.000000
1452986809.429,3965452288.000000
1452986819.431,3965452288.000000
1452986829.429,3965452288.000000
1452986839.432,3965452288.000000
