epoch,value
1452986329.445,3061
1452986339.428,3083
1452986349.428,3088
1452986359.428,3096
1452986369.428,3101
1452986379.428,3106
1452986389.428,3109
1452986399.428,3120
1452986409.428,3141
1452986419.428,3149
1452986429.428,3153
1452986439.428,3157
1452986449.428,3165
1452986459.428,3175
1452986469.428,3190
1452986479.428,3194
1452986489.428,3202
1452986499.428,3207
1452986509.428,3215
1452986519.428,3222
1452986529.428,3241
1452986539.428,3241
1452986549.428,3246
1452986559.428,3250
1452986569.428,3277
1452986579.428,3281
1452986589.428,3285
1452986599.428,3290
1452986609.428,3318
1452986619.428,3322
1452986629.428,3326
1452986639.428,3326
1452986649.428,3328
1452986659.428,3332
1452986669.428,3337
1452986679.428,3341
1452986689.428,3345
1452986699.428,3349
1452986709.428,3355
1452986719.428,3357
1452986729.428,3364
1452986739.428,3369
1452986749.428,3377
1452986759.428,3386
1452986769.428,3413
1452986779.428,3417
1452986789.428,3425
1452986799.428,3430
1452986809.428,3446
1452986819.428,3446
1452986829.428,3454
1452986839.428,3461
