epoch,value
1452986329.446,8150
1452986339.428,8150
1452986349.428,8150
1452986359.428,8150
1452986369.428,8150
1452986379.428,8151
1452986389.428,8151
1452986399.428,8151
1452986409.428,8234
1452986419.428,8397
1452986429.428,8406
1452986439.428,8406
1452986449.428,8406
1452986459.428,8406
1452986469.428,8406
1452986479.428,8406
1452986489.428,8406
1452986499.428,8406
1452986509.428,8406
1452986519.428,8406
1452986529.428,8406
1452986539.428,8406
1452986549.428,8406
1452986559.428,8406
1452986569.428,8406
1452986579.428,8407
1452986589.428,8407
1452986599.428,8407
1452986609.428,8407
1452986619.428,8407
1452986629.428,8407
1452986639.428,8559
1452986649.428,8772
1452986659.428,8825
1452986669.428,8825
1452986679.428,8825
1452986689.428,8825
1452986699.428,8825
1452986709.428,8893
1452986719.428,9045
1452986729.428,9058
1452986739.428,9059
1452986749.428,9059
1452986759.428,9059
1452986769.428,9059
1452986779.428,9060
1452986789.428,9060
1452986799.428,9060
1452986809.428,9060
1452986819.428,9060
1452986829.428,9060
1452986839.428,9061
