epoch,value
1452986329.445,129
1452986339.428,129
1452986349.428,129
1452986359.428,129
1452986369.428,129
1452986379.428,129
1452986389.428,129
1452986399.428,129
1452986409.428,130
1452986419.428,132
1452986429.428,132
1452986439.428,132
1452986449.428,132
1452986459.428,132
1452986469.428,132
1452986479.428,132
1452986489.428,132
1452986499.428,133
1452986509.428,133
1452986519.428,133
1452986529.428,133
1452986539.428,133
1452986549.428,133
1452986559.428,133
1452986569.428,133
1452986579.428,133
1452986589.428,133
1452986599.428,133
1452986609.428,133
1452986619.428,133
1452986629.428,133
1452986639.428,136
1452986649.428,138
1452986659.428,139
1452986669.428,139
1452986679.428,139
1452986689.428,139
1452986699.428,139
1452986709.428,139
1452986719.428,142
1452986729.428,142
1452986739.428,142
1452986749.428,142
1452986759.428,142
1452986769.428,142
1452986779.428,142
1452986789.428,142
1452986799.428,142
1452986809.428,142
1452986819.428,142
1452986829.428,142
1452986839.428,142
