epoch,value
1452986329.445,7087
1452986339.428,7093
1452986349.428,7097
1452986359.428,7103
1452986369.428,7109
1452986379.428,7116
1452986389.428,7120
1452986399.428,7128
1452986409.428,7200
1452986419.428,7290
1452986429.428,7313
1452986439.428,7321
1452986449.428,7329
1452986459.428,7338
1452986469.428,7345
1452986479.428,7351
1452986489.428,7356
1452986499.428,7361
1452986509.428,7365
1452986519.428,7370
1452986529.428,7373
1452986539.428,7380
1452986549.428,7386
1452986559.428,7390
1452986569.428,7394
1452986579.428,7400
1452986589.428,7404
1452986599.428,7407
1452986609.428,7412
1452986619.428,7420
1452986629.428,7426
1452986639.428,7536
1452986649.428,7691
1452986659.428,7741
1452986669.428,7751
1452986679.428,7758
1452986689.428,7764
1452986699.428,7775
1452986709.428,7821
1452986719.428,7921
1452986729.428,7944
1452986739.428,7948
1452986749.428,7951
1452986759.428,7956
1452986769.428,7961
1452986779.428,7967
1452986789.428,7974
1452986799.428,7980
1452986809.428,7984
1452986819.428,7992
1452986829.428,7998
1452986839.428,8005
