epoch,value
1452986329.445,10933
1452986339.428,10943
1452986349.428,10946
1452986359.428,10954
1452986369.428,10958
1452986379.428,10969
1452986389.428,10978
1452986399.428,10985
1452986409.428,11140
1452986419.428,11276
1452986429.428,11313
1452986439.428,11327
1452986449.428,11334
1452986459.428,11343
1452986469.428,11353
1452986479.428,11360
1452986489.428,11366
1452986499.428,11372
1452986509.428,11378
1452986519.428,11387
1452986529.428,11395
1452986539.428,11402
1452986549.428,11409
1452986559.428,11417
1452986569.428,11423
1452986579.428,11428
1452986589.428,11435
1452986599.428,11442
1452986609.428,11450
1452986619.428,11455
1452986629.428,11463
1452986639.428,11646
1452986649.427,11837
1452986659.428,11910
1452986669.428,11917
1452986679.428,11925
1452986689.428,11936
1452986699.427,11949
1452986709.427,12042
1452986719.428,12190
1452986729.428,12233
1452986739.428,12238
1452986749.428,12244
1452986759.428,12249
1452986769.428,12254
1452986779.428,12263
1452986789.427,12272
1452986799.428,12279
1452986809.427,12286
1452986819.428,12295
1452986829.428,12307
1452986839.428,12319
