epoch,value
1452986329.445,258713
1452986339.428,259669
1452986349.428,260654
1452986359.428,261626
1452986369.428,262606
1452986379.428,263577
1452986389.428,264553
1452986399.428,265524
1452986409.428,266098
1452986419.428,266514
1452986429.428,267393
1452986439.428,268359
1452986449.428,269328
1452986459.428,270294
1452986469.428,271256
1452986479.428,272235
1452986489.428,273209
1452986499.428,274184
1452986509.428,275156
1452986519.428,276128
1452986529.428,277088
1452986539.428,278067
1452986549.428,279045
1452986559.428,280022
1452986569.428,280976
1452986579.428,281956
1452986589.428,282933
1452986599.428,283910
1452986609.428,284862
1452986619.428,285838
1452986629.428,286814
1452986639.428,287267
1452986649.428,287522
1452986659.428,288222
1452986669.428,289197
1452986679.428,290173
1452986689.428,291143
1452986699.428,292111
1452986709.428,292824
1452986719.428,293216
1452986729.428,294068
1452986739.428,295048
1452986749.428,296025
1452986759.428,296997
1452986769.428,297952
1452986779.428,298924
1452986789.428,299898
1452986799.428,300874
1452986809.428,301840
1452986819.428,302817
1452986829.428,303782
1452986839.428,304750
