epoch,rx,tx
1452986329.454,0,0
1452986339.434,0,0
1452986349.432,0,0
1452986359.432,0,0
1452986369.431,0,0
1452986379.432,0,0
1452986389.432,0,0
1452986399.430,0,0
1452986409.435,0,0
1452986419.431,0,0
1452986429.433,0,0
1452986439.432,0,0
1452986449.431,0,0
1452986459.430,0,0
1452986469.430,0,0
1452986479.434,0,0
1452986489.432,0,0
1452986499.430,0,0
1452986509.432,0,0
1452986519.431,0,0
1452986529.432,0,0
1452986539.430,0,0
1452986549.431,0,0
1452986559.430,0,0
1452986569.432,0,0
1452986579.433,0,0
1452986589.432,0,0
1452986599.433,0,0
1452986609.433,0,0
1452986619.432,0,0
1452986629.432,0,0
1452986639.449,0,0
1452986649.432,0,0
1452986659.431,0,0
1452986669.433,0,0
1452986679.431,0,0
1452986689.432,0,0
1452986699.431,0,0
1452986709.432,0,0
1452986719.435,0,0
1452986729.432,0,0
1452986739.434,0,0
1452986749.432,0,0
1452986759.430,0,0
1452986769.433,0,0
1452986779.431,0,0
1452986789.432,0,0
1452986799.433,0,0
1452986809.431,0,0
1452986819.430,0,0
1452986829.437,0,0
1452986839.433,0,0
