epoch,value
1452986329.446,8187
1452986339.428,8194
1452986349.428,8201
1452986359.428,8204
1452986369.428,8210
1452986379.428,8217
1452986389.428,8222
1452986399.428,8225
1452986409.428,8298
1452986419.428,8423
1452986429.428,8449
1452986439.428,8455
1452986449.428,8460
1452986459.428,8463
1452986469.428,8466
1452986479.428,8470
1452986489.428,8477
1452986499.428,8486
1452986509.428,8491
1452986519.428,8498
1452986529.428,8505
1452986539.428,8513
1452986549.428,8521
1452986559.428,8529
1452986569.428,8536
1452986579.428,8544
1452986589.428,8552
1452986599.428,8558
1452986609.428,8566
1452986619.428,8572
1452986629.428,8578
1452986639.428,8694
1452986649.428,8865
1452986659.428,8932
1452986669.428,8936
1452986679.428,8940
1452986689.428,8946
1452986699.428,8951
1452986709.428,9015
1452986719.428,9139
1452986729.428,9158
1452986739.428,9160
1452986749.428,9164
1452986759.428,9166
1452986769.428,9170
1452986779.428,9174
1452986789.428,9177
1452986799.428,9180
1452986809.428,9183
1452986819.428,9189
1452986829.428,9194
1452986839.428,9199
