epoch,value
1452986329.446,2504
1452986339.428,2504
1452986349.428,2508
1452986359.428,2508
1452986369.428,2512
1452986379.428,2514
1452986389.428,2524
1452986399.428,2526
1452986409.428,2526
1452986419.428,2528
1452986429.428,2528
1452986439.428,2557
1452986449.428,2580
1452986459.428,2580
1452986469.428,2580
1452986479.428,2580
1452986489.428,2580
1452986499.428,2580
1452986509.428,2580
1452986519.428,2583
1452986529.428,2613
1452986539.428,2623
1452986549.428,2627
1452986559.428,2627
1452986569.428,2628
1452986579.428,2628
1452986589.428,2633
1452986599.428,2633
1452986609.428,2662
1452986619.428,2662
1452986629.428,2662
1452986639.428,2664
1452986649.428,2664
1452986659.428,2667
1452986669.428,2672
1452986679.428,2672
1452986689.428,2685
1452986699.428,2688
1452986709.428,2690
1452986719.428,2694
1452986729.428,2708
1452986739.428,2712
1452986749.428,2712
1452986759.428,2712
1452986769.428,2712
1452986779.428,2712
1452986789.428,2712
1452986799.428,2714
1452986809.428,2714
1452986819.428,2732
1452986829.428,2732
1452986839.428,2737
