epoch,value
1452986329.446,12568
1452986339.428,12574
1452986349.428,12580
1452986359.428,12582
1452986369.428,12586
1452986379.428,12592
1452986389.428,12599
1452986399.428,12604
1452986409.428,12732
1452986419.428,12946
1452986429.428,12986
1452986439.428,12995
1452986449.428,12999
1452986459.428,13002
1452986469.428,13006
1452986479.428,13014
1452986489.428,13021
1452986499.428,13023
1452986509.428,13028
1452986519.428,13033
1452986529.428,13038
1452986539.428,13043
1452986549.428,13048
1452986559.428,13051
1452986569.428,13058
1452986579.428,13064
1452986589.428,13067
1452986599.428,13074
1452986609.428,13077
1452986619.428,13081
1452986629.428,13084
1452986639.428,13246
1452986649.428,13485
1452986659.428,13593
1452986669.428,13598
1452986679.428,13604
1452986689.428,13612
1452986699.428,13622
1452986709.428,13758
1452986719.428,13981
1452986729.428,14036
1452986739.428,14043
1452986749.428,14047
1452986759.428,14051
1452986769.428,14062
1452986779.428,14068
1452986789.428,14072
1452986799.428,14080
1452986809.428,14087
1452986819.428,14096
1452986829.428,14107
1452986839.428,14115
