epoch,value
1452986329.446,271356
1452986339.428,272339
1452986349.428,273318
1452986359.428,274308
1452986369.428,275290
1452986379.428,276268
1452986389.428,277244
1452986399.428,278230
1452986409.428,279004
1452986419.428,279622
1452986429.428,280548
1452986439.428,281504
1452986449.428,282467
1452986459.428,283458
1452986469.428,284448
1452986479.428,285432
1452986489.428,286415
1452986499.428,287402
1452986509.428,288388
1452986519.428,289372
1452986529.428,290328
1452986539.428,291303
1452986549.428,292282
1452986559.428,293269
1452986569.428,294251
1452986579.428,295234
1452986589.428,296216
1452986599.428,297200
1452986609.428,298156
1452986619.428,299142
1452986629.428,300129
1452986639.428,300814
1452986649.428,301331
1452986659.428,302139
1452986669.428,303122
1452986679.428,304109
1452986689.428,305080
1452986699.428,306055
1452986709.428,306832
1452986719.428,307442
1452986729.428,308340
1452986739.428,309324
1452986749.428,310314
1452986759.428,311307
1452986769.428,312289
1452986779.428,313276
1452986789.428,314264
1452986799.428,315248
1452986809.428,316236
1452986819.428,317197
1452986829.428,318180
1452986839.428,319158
