epoch,read,write
1452986349.430,1180,0
1452986359.431,1180,0
1452986369.432,1180,0
1452986379.429,1180,0
1452986389.432,1180,0
1452986399.431,1180,0
1452986409.431,1180,0
1452986419.431,1180,0
1452986429.431,1180,0
1452986439.430,1180,0
1452986449.430,1180,0
1452986459.430,1180,0
1452986469.431,1180,0
1452986479.432,1180,0
1452986489.430,1180,0
1452986499.430,1180,0
1452986509.433,1180,0
1452986519.431,1180,0
1452986529.430,1180,0
1452986539.430,1180,0
1452986549.430,1180,0
1452986559.430,1180,0
1452986569.433,1180,0
1452986579.433,1180,0
1452986589.433,1180,0
1452986599.432,1180,0
1452986609.430,1180,0
1452986619.432,1180,0
1452986629.430,1180,0
1452986639.440,1180,0
1452986649.432,1180,0
1452986659.429,1180,0
1452986669.430,1180,0
1452986679.431,1180,0
1452986689.433,1180,0
1452986699.429,1180,0
1452986709.432,1180,0
1452986719.431,1180,0
1452986729.432,1180,0
1452986739.432,1180,0
1452986749.430,1180,0
1452986759.430,1180,0
1452986769.432,1180,0
1452986779.429,1180,0
1452986789.431,1180,0
1452986799.430,1180,0
1452986809.429,1180,0
1452986819.430,1180,0
1452986829.432,1180,0
1452986839.431,1180,0
