epoch,rx,tx
1452986329.454,2596628,2596628
1452986339.433,2599693,2599693
1452986349.431,2605836,2605836
1452986359.431,2613569,2613569
1452986369.431,2621290,2621290
1452986379.431,2627400,2627400
1452986389.432,2635127,2635127
1452986399.430,2642812,2642812
1452986409.435,2650473,2650473
1452986419.430,2656678,2656678
1452986429.433,2664433,2664433
1452986439.431,2670586,2670586
1452986449.430,2678304,2678304
1452986459.430,2684462,2684462
1452986469.430,2692231,2692231
1452986479.434,2699887,2699887
1452986489.432,2706101,2706101
1452986499.430,2713840,2713840
1452986509.432,2721484,2721484
1452986519.431,2729183,2729183
1452986529.431,2735393,2735393
1452986539.430,2743107,2743107
1452986549.431,2750728,2750728
1452986559.430,2756832,2756832
1452986569.432,2764587,2764587
1452986579.433,2772240,2772240
1452986589.432,2779942,2779942
1452986599.433,2786133,2786133
1452986609.432,2792336,2792336
1452986619.431,2799983,2799983
1452986629.432,2807678,2807678
1452986639.449,2818468,2818468
1452986649.432,2821504,2821504
1452986659.431,2829225,2829225
1452986669.433,2835371,2835371
1452986679.431,2843080,2843080
1452986689.432,2850798,2850798
1452986699.431,2856994,2856994
1452986709.432,2864713,2864713
1452986719.435,2870874,2870874
1452986729.432,2878582,2878582
1452986739.434,2886334,2886334
1452986749.432,2892448,2892448
1452986759.430,2900153,2900153
1452986769.432,2907829,2907829
1452986779.431,2913990,2913990
1452986789.432,2921658,2921658
1452986799.432,2929327,2929327
1452986809.430,2935419,2935419
1452986819.430,2943112,2943112
1452986829.437,2950790,2950790
1452986839.433,2956875,2956875
