epoch,rx,tx
1452986329.454,3651,3651
1452986339.433,3655,3655
1452986349.431,3663,3663
1452986359.431,3673,3673
1452986369.431,3683,3683
1452986379.431,3691,3691
1452986389.432,3701,3701
1452986399.430,3711,3711
1452986409.435,3721,3721
1452986419.430,3729,3729
1452986429.433,3739,3739
1452986439.431,3747,3747
1452986449.430,3757,3757
1452986459.430,3765,3765
1452986469.430,3775,3775
1452986479.434,3785,3785
1452986489.432,3793,3793
1452986499.430,3803,3803
1452986509.432,3813,3813
1452986519.431,3823,3823
1452986529.431,3831,3831
1452986539.430,3841,3841
1452986549.431,3851,3851
1452986559.430,3859,3859
1452986569.432,3869,3869
1452986579.433,3879,3879
1452986589.432,3889,3889
1452986599.433,3897,3897
1452986609.432,3905,3905
1452986619.431,3915,3915
1452986629.432,3925,3925
1452986639.449,3939,3939
1452986649.432,3943,3943
1452986659.431,3953,3953
1452986669.433,3961,3961
1452986679.431,3971,3971
1452986689.432,3981,3981
1452986699.431,3989,3989
1452986709.432,3999,3999
1452986719.435,4007,4007
1452986729.432,4017,4017
1452986739.434,4027,4027
1452986749.432,4035,4035
1452986759.430,4045,4045
1452986769.432,4055,4055
1452986779.431,4063,4063
1452986789.432,4073,4073
1452986799.432,4083,4083
1452986809.430,4091,4091
1452986819.430,4101,4101
1452986829.437,4111,4111
1452986839.433,4119,4119
