epoch,value
1452986339.602,1.000000
1452986349.718,1.000000
1452986359.828,1.000000
1452986369.943,1.000000
1452986380.060,1.000000
1452986390.177,1.000000
1452986400.293,1.000000
1452986410.445,1.000000
1452986420.586,1.000000
1452986430.815,1.000000
1452986440.939,1.000000
1452986451.056,1.000000
1452986462.169,1.000000
1452986472.285,1.000000
1452986482.402,1.000000
1452986492.527,1.000000
1452986502.652,1.000000
1452986512.766,1.000000
1452986522.881,1.000000
1452986533.003,1.000000
1452986543.123,1.000000
1452986553.238,1.000000
1452986563.354,1.000000
1452986573.464,1.000000
1452986583.583,1.000000
1452986593.699,1.000000
1452986603.819,1.000000
1452986613.945,1.000000
1452986624.060,1.000000
1452986635.756,1.000000
1452986647.432,1.000000
1452986657.546,1.000000
1452986667.666,1.000000
1452986677.787,1.000000
1452986687.902,1.000000
1452986698.015,1.000000
1452986708.243,1.000000
1452986718.415,1.000000
1452986728.543,1.000000
1452986738.656,1.000000
1452986748.771,1.000000
1452986758.889,1.000000
1452986769.009,1.000000
1452986779.124,1.000000
1452986789.244,1.000000
1452986799.374,1.000000
1452986809.498,1.000000
1452986819.635,1.000000
1452986829.775,1.000000
1452986839.895,1.000000
