epoch,read,write
1452986349.430,5562,37808
1452986359.431,5563,37810
1452986369.432,5564,38009
1452986379.429,5565,38172
1452986389.431,5565,38179
1452986399.430,5572,38201
1452986409.431,5573,38549
1452986419.431,5574,38646
1452986429.431,5574,38664
1452986439.430,5575,38688
1452986449.430,5576,39012
1452986459.430,5577,39174
1452986469.430,5578,39201
1452986479.432,5578,39203
1452986489.429,5579,39416
1452986499.430,5579,39513
1452986509.432,5581,39532
1452986519.431,5585,39544
1452986529.430,5585,39989
1452986539.430,5586,40221
1452986549.430,5587,40239
1452986559.430,5587,40246
1452986569.432,5589,40435
1452986579.432,5589,40539
1452986589.433,5591,40557
1452986599.432,5591,40566
1452986609.430,5593,40887
1452986619.432,5593,41054
1452986629.430,5593,41072
1452986639.440,5593,41079
1452986649.432,5593,41273
1452986659.429,5594,41440
1452986669.430,5595,41458
1452986679.431,5595,41460
1452986689.433,5595,41801
1452986699.429,5595,41933
1452986709.432,5596,41953
1452986719.430,5598,41955
1452986729.432,5600,42297
1452986739.431,5600,42482
1452986749.430,5601,42501
1452986759.430,5603,42509
1452986769.432,5603,42697
1452986779.429,5603,42804
1452986789.430,5603,42824
1452986799.430,5606,42832
1452986809.429,5607,43169
1452986819.430,5608,43331
1452986829.432,5609,43349
1452986839.431,5610,43357
