epoch,read,write
1452986349.430,646,1249
1452986359.431,1086,1469
1452986369.432,1526,2204
1452986379.429,1966,2697
1452986389.431,1966,3074
1452986399.430,2109,3092
1452986409.431,2589,3916
1452986419.431,3029,4294
1452986429.431,3029,4318
1452986439.430,3429,5055
1452986449.430,3909,6463
1452986459.430,4389,6976
1452986469.430,4789,7017
1452986479.432,4789,7237
1452986489.429,5189,8035
1452986499.430,5189,8277
1452986509.432,5409,8298
1452986519.431,5579,8338
1452986529.430,5579,9637
1452986539.430,6019,10444
1452986549.430,6459,10468
1452986559.430,6459,10531
1452986569.432,6719,12122
1452986579.432,6719,12338
1452986589.433,6939,12362
1452986599.432,6939,12411
1452986609.430,7219,13952
1452986619.432,7219,14483
1452986629.430,7219,14503
1452986639.440,7219,14554
1452986649.432,7219,15369
1452986659.429,7699,15847
1452986669.430,8139,15874
1452986679.431,8139,16074
1452986689.433,8139,16961
1452986699.429,8139,17269
1452986709.432,8539,17313
1452986719.430,8839,17533
1452986729.432,9119,18423
1452986739.431,9119,19161
1452986749.430,9519,19182
1452986759.430,9799,19242
1452986769.432,9799,21343
1452986779.429,9799,21538
1452986789.430,9799,21578
1452986799.430,10039,21623
1452986809.429,10439,22461
1452986819.430,10919,24203
1452986829.432,11319,24227
1452986839.431,11799,24317
