epoch,read,write
1452986349.430,79110144,219201536
1452986359.431,79114240,219336704
1452986369.432,79118336,220680192
1452986379.429,79122432,221609984
1452986389.432,79122432,221847552
1452986399.430,79388672,222105600
1452986409.431,79392768,223936512
1452986419.431,79396864,224591872
1452986429.431,79396864,224784384
1452986439.430,79400960,225107968
1452986449.430,79405056,226942976
1452986459.430,79409152,227835904
1452986469.430,79413248,228139008
1452986479.432,79413248,228241408
1452986489.429,79417344,229416960
1452986499.430,79417344,230023168
1452986509.432,79425536,230195200
1452986519.431,79441920,230342656
1452986529.430,79441920,232722432
1452986539.430,79446016,234004480
1452986549.430,79450112,234172416
1452986559.430,79450112,234295296
1452986569.433,79458304,235462656
1452986579.432,79458304,236163072
1452986589.433,79466496,236331008
1452986599.432,79466496,236466176
1452986609.430,79474688,238247936
1452986619.432,79474688,239230976
1452986629.430,79474688,239398912
1452986639.440,79474688,239517696
1452986649.432,79474688,240676864
1452986659.429,79478784,241659904
1452986669.430,79482880,241852416
1452986679.431,79482880,241954816
1452986689.433,79482880,243748864
1452986699.429,79482880,244621312
1452986709.432,79486976,244891648
1452986719.431,79495168,245014528
1452986729.432,79503360,246820864
1452986739.431,79503360,247922688
1452986749.430,79507456,248115200
1452986759.430,79515648,248242176
1452986769.432,79515648,249417728
1452986779.429,79515648,250109952
1452986789.430,79515648,250314752
1452986799.430,79527936,250445824
1452986809.429,79532032,252231680
1452986819.430,79536128,253165568
1452986829.432,79540224,253337600
1452986839.431,79544320,253579264
