epoch,read,write
1452986349.430,1284,6623
1452986359.431,1284,6654
1452986369.432,1284,6734
1452986379.429,1284,6764
1452986389.432,1284,6814
1452986399.430,1284,6855
1452986409.431,1284,6891
1452986419.431,1284,6926
1452986429.431,1284,6955
1452986439.430,1284,7010
1452986449.430,1284,7061
1452986459.430,1284,7084
1452986469.431,1284,7130
1452986479.432,1284,7153
1452986489.429,1284,7178
1452986499.430,1284,7201
1452986509.432,1284,7224
1452986519.431,1284,7247
1452986529.430,1284,7293
1452986539.430,1284,7332
1452986549.430,1284,7355
1452986559.430,1284,7378
1452986569.433,1284,7423
1452986579.432,1284,7462
1452986589.433,1284,7485
1452986599.432,1284,7508
1452986609.430,1284,7553
1452986619.432,1284,7591
1452986629.430,1284,7614
1452986639.440,1284,7636
1452986649.432,1284,7673
1452986659.429,1284,7711
1452986669.430,1284,7740
1452986679.431,1284,7763
1452986689.433,1284,7792
1452986699.429,1284,7843
1452986709.432,1284,7889
1452986719.431,1284,7917
1452986729.432,1284,7947
1452986739.431,1284,7995
1452986749.430,1284,8020
1452986759.430,1284,8043
1452986769.432,1284,8087
1452986779.429,1284,8125
1452986789.430,1284,8155
1452986799.430,1284,8178
1452986809.429,1284,8207
1452986819.430,1284,8238
1452986829.432,1284,8262
1452986839.431,1284,8308
