epoch,read,write
1452986349.430,5322,37806
1452986359.431,5323,37808
1452986369.432,5324,38007
1452986379.429,5325,38170
1452986389.432,5325,38177
1452986399.430,5332,38199
1452986409.431,5333,38547
1452986419.431,5334,38644
1452986429.431,5334,38662
1452986439.430,5335,38686
1452986449.430,5336,39010
1452986459.430,5337,39172
1452986469.430,5338,39199
1452986479.432,5338,39201
1452986489.429,5339,39414
1452986499.430,5339,39511
1452986509.432,5341,39530
1452986519.431,5345,39542
1452986529.430,5345,39987
1452986539.430,5346,40219
1452986549.430,5347,40237
1452986559.430,5347,40244
1452986569.433,5349,40433
1452986579.432,5349,40537
1452986589.433,5351,40555
1452986599.432,5351,40564
1452986609.430,5353,40885
1452986619.432,5353,41052
1452986629.430,5353,41070
1452986639.440,5353,41077
1452986649.432,5353,41271
1452986659.429,5354,41438
1452986669.430,5355,41456
1452986679.431,5355,41458
1452986689.433,5355,41799
1452986699.429,5355,41931
1452986709.432,5356,41951
1452986719.431,5358,41953
1452986729.432,5360,42295
1452986739.431,5360,42480
1452986749.430,5361,42499
1452986759.430,5363,42507
1452986769.432,5363,42695
1452986779.429,5363,42802
1452986789.430,5363,42822
1452986799.430,5366,42830
1452986809.429,5367,43167
1452986819.430,5368,43329
1452986829.432,5369,43347
1452986839.431,5370,43355
