epoch,shortterm,midterm,longterm
1452986329.450,0.050000,0.180000,0.250000
1452986339.433,0.050000,0.170000,0.250000
1452986349.430,0.040000,0.170000,0.240000
1452986359.430,0.030000,0.160000,0.240000
1452986369.430,0.030000,0.160000,0.240000
1452986379.430,0.020000,0.150000,0.230000
1452986389.430,0.020000,0.150000,0.230000
1452986399.430,0.020000,0.140000,0.230000
1452986409.431,0.010000,0.140000,0.230000
1452986419.430,0.090000,0.150000,0.230000
1452986429.431,0.070000,0.140000,0.230000
1452986439.430,0.060000,0.140000,0.220000
1452986449.430,0.050000,0.130000,0.220000
1452986459.430,0.040000,0.130000,0.220000
1452986469.430,0.040000,0.120000,0.220000
1452986479.431,0.030000,0.120000,0.220000
1452986489.430,0.030000,0.120000,0.210000
1452986499.430,0.020000,0.110000,0.210000
1452986509.430,0.020000,0.110000,0.210000
1452986519.430,0.020000,0.100000,0.210000
1452986529.430,0.160000,0.130000,0.220000
1452986539.430,0.210000,0.150000,0.220000
1452986549.430,0.180000,0.140000,0.220000
1452986559.430,0.150000,0.140000,0.220000
1452986569.432,0.130000,0.130000,0.210000
1452986579.430,0.110000,0.130000,0.210000
1452986589.432,0.090000,0.120000,0.210000
1452986599.430,0.080000,0.120000,0.210000
1452986609.430,0.060000,0.120000,0.210000
1452986619.430,0.050000,0.110000,0.200000
1452986629.430,0.050000,0.110000,0.200000
1452986639.430,0.190000,0.140000,0.210000
1452986649.431,0.160000,0.130000,0.210000
1452986659.430,0.290000,0.160000,0.220000
1452986669.430,0.250000,0.160000,0.220000
1452986679.430,0.210000,0.150000,0.210000
1452986689.430,0.180000,0.150000,0.210000
1452986699.430,0.150000,0.140000,0.210000
1452986709.431,0.130000,0.140000,0.210000
1452986719.430,0.410000,0.200000,0.230000
1452986729.430,0.350000,0.190000,0.230000
1452986739.431,0.290000,0.180000,0.220000
1452986749.430,0.250000,0.180000,0.220000
1452986759.430,0.210000,0.170000,0.220000
1452986769.430,0.180000,0.170000,0.220000
1452986779.430,0.150000,0.160000,0.220000
1452986789.430,0.130000,0.160000,0.210000
1452986799.431,0.110000,0.150000,0.210000
1452986809.430,0.090000,0.150000,0.210000
1452986819.430,0.080000,0.140000,0.210000
1452986829.430,0.060000,0.140000,0.210000
1452986839.431,0.050000,0.130000,0.200000
