epoch,rx,tx
1452986329.454,8061405713,642785718
1452986339.433,8061415031,642804272
1452986349.431,8061422235,642815755
1452986359.431,8061429659,642827130
1452986369.431,8061436159,642838105
1452986379.431,8061446535,642859454
1452986389.432,8061456375,642879999
1452986399.430,8061464081,642889286
1452986409.435,8164298474,644523572
1452986419.430,8360049326,648728703
1452986429.433,8360568018,667364779
1452986439.431,8360576354,667381104
1452986449.431,8360582360,667387389
1452986459.430,8360588622,667393674
1452986469.430,8360594890,667400551
1452986479.434,8360601152,667406836
1452986489.432,8360607158,667413121
1452986499.430,8360613484,667419470
1452986509.432,8360619490,667425755
1452986519.431,8360625752,667432040
1452986529.431,8360631828,667438647
1452986539.430,8360638172,667445078
1452986549.431,8360644242,667451427
1452986559.430,8360650504,667457712
1452986569.432,8360656574,667464061
1452986579.433,8360662836,667470346
1452986589.432,8360668976,667477017
1452986599.433,8360675238,667483302
1452986609.432,8360681855,667489587
1452986619.431,8360688117,667495872
1452986629.432,8360694187,667502221
1452986639.449,8492401308,670027502
1452986649.432,8703708539,673793695
1452986659.431,8758983237,694511109
1452986669.433,8758989371,694517522
1452986679.431,8758995563,694523807
1452986689.432,8759003431,694555190
1452986699.431,8759014665,694577257
1452986709.432,8825777152,695904313
1452986719.435,9028353796,699222660
1452986729.432,9032874437,719612711
1452986739.434,9032880349,719618266
1452986749.432,9032886069,719623885
1452986759.430,9032891981,719629440
1452986769.433,9032903681,719648305
1452986779.431,9032914155,719664058
1452986789.432,9032921643,719681293
1452986799.433,9032930301,719701366
1452986809.430,9032936265,719716280
1452986819.430,9032948461,719773599
1452986829.437,9032961855,719805846
1452986839.433,9032973327,719820779
