epoch,rx,tx
1452986329.454,5645231,2319788
1452986339.433,5645326,2319855
1452986349.431,5645390,2319917
1452986359.431,5645458,2319977
1452986369.431,5645515,2320034
1452986379.431,5645619,2320117
1452986389.432,5645715,2320198
1452986399.430,5645786,2320258
1452986409.435,5715652,2343190
1452986419.430,5848672,2387324
1452986429.433,5855847,2400367
1452986439.431,5855927,2400440
1452986449.431,5855978,2400493
1452986459.430,5856033,2400546
1452986469.430,5856088,2400604
1452986479.434,5856143,2400657
1452986489.432,5856194,2400710
1452986499.430,5856250,2400764
1452986509.432,5856301,2400817
1452986519.431,5856356,2400870
1452986529.431,5856408,2400924
1452986539.430,5856464,2400978
1452986549.431,5856516,2401032
1452986559.430,5856571,2401085
1452986569.432,5856623,2401139
1452986579.433,5856678,2401192
1452986589.432,5856731,2401247
1452986599.433,5856786,2401300
1452986609.432,5856840,2401353
1452986619.431,5856895,2401406
1452986629.432,5856947,2401460
1452986639.449,5946342,2436806
1452986649.432,6089405,2490259
1452986659.431,6133454,2516346
1452986669.433,6133507,2516401
1452986679.431,6133561,2516454
1452986689.432,6133635,2516536
1452986699.431,6133748,2516624
1452986709.432,6179263,2534827
1452986719.435,6316422,2581872
1452986729.432,6326860,2596932
1452986739.434,6326910,2596980
1452986749.432,6326957,2597029
1452986759.430,6327007,2597077
1452986769.433,6327120,2597170
1452986779.431,6327222,2597257
1452986789.432,6327288,2597317
1452986799.433,6327369,2597384
1452986809.430,6327420,2597434
1452986819.430,6327537,2597534
1452986829.437,6327664,2597642
1452986839.433,6327779,2597728
